N    : 256
comp : 0.000003 s
comm : 0.000524 s
total: 0.000528 s (63.600652 GFlops)
error: 63.843586

N    : 1024
comp : 0.000004 s
comm : 0.006504 s
total: 0.006508 s (329.962895 GFlops)
error: 255.663318
